
/	CG-5 SOFTWARE VER.:  4.2
/	CG-5 SURVEY
/	Survey name:   	Default
/	Instrument S/N:	41375
/	Client:        	Default
/	Operator:      	Default
/	Date:          	2023/ 4/25
/	Time:          	13:42:26
/	LONG:        	79.6000000 W
/	LAT:         	43.9000000 N
/	ZONE:        	0       
/	GMT DIFF.:   	4.0 

/	CG-5 SETUP PARAMETERS
/	Gref:		0.000   
/	Gcal1:		8142.252
/	TiltxS:		616.214 
/	TiltyS:		581.448 
/	TiltxO:		-26.976 
/	TiltyO:		39.251  
/	Tempco:		-0.129  
/	Drift:		-0.832  
/	DriftTime Start:	13:42:27
/	DriftDate Start:	2023/04/25

/	CG-5 OPTIONS
/	Tide Correction:    YES
/	Cont. Tilt:          NO
/	Auto Rejection:     YES
/	Terrain Corr.:       NO
/	Seismic Filter:     YES
/	Raw Data:            NO
/	CG-5 SURVEY
/	Survey name:   	c10d070623
/	Instrument S/N:	41375
/	Client:        	temple
/	Operator:      	muto
/	Date:          	2023/ 7/ 6
/	Time:          	11:24:34
/	LONG:        	79.6000000 W
/	LAT:         	43.9000000 N
/	ZONE:        	0       
/	GMT DIFF.:   	4.0 
/------LINE-----STATION-----ALT.------GRAV.---SD.--TILTX--TILTY-TEMP---TIDE---DUR-REJ-----TIME----DEC.TIME+DATE--TERRAIN---DATE
 0.0000000  101.0000000    0.0000   6427.845 0.017    0.5   -0.2 0.33 -0.007  15   0 11:31:28     45082.47942    0.0000  2023/07/06
 0.0000000  101.0000000    0.0000   6427.849 0.012    0.4   -0.1 0.34 -0.007  15   0 11:31:51     45082.47968    0.0000  2023/07/06
 0.0000000  101.0000000    0.0000   6427.848 0.017    1.7   -0.7 0.34 -0.007  15   0 11:32:10     45082.47990    0.0000  2023/07/06
 0.0000000  101.0000000    0.0000   6427.853 0.016    2.2   -1.3 0.34 -0.007  15   0 11:32:29     45082.48012    0.0000  2023/07/06
 0.0000000  101.0000000    0.0000   6427.852 0.013    2.1   -0.7 0.35 -0.007  15   0 11:32:48     45082.48034    0.0000  2023/07/06
 0.0000000  101.0000000    0.0000   6427.853 0.014    3.6   -1.4 0.35 -0.006  15   0 11:33:07     45082.48056    0.0000  2023/07/06
 0.0000000  101.0000000    0.0000   6427.854 0.020    4.7   -2.3 0.35 -0.006  15   0 11:33:26     45082.48078    0.0000  2023/07/06
 0.0000000  101.0000000    0.0000   6427.855 0.013    5.1   -2.7 0.35 -0.006  15   0 11:33:45     45082.48100    0.0000  2023/07/06
 0.0000000  101.0000000    0.0000   6427.859 0.014    6.7   -2.1 0.36 -0.005  15   0 11:34:04     45082.48122    0.0000  2023/07/06
 0.0000000  101.0000000    0.0000   6427.859 0.020    7.4   -1.1 0.36 -0.005  15   0 11:34:23     45082.48144    0.0000  2023/07/06
 0.0000000  101.0000000    0.0000   6427.859 0.011    7.1   -0.2 0.36 -0.005  15   0 11:34:42     45082.48166    0.0000  2023/07/06
 0.0000000  101.0000000    0.0000   6427.861 0.017    6.7    0.5 0.36 -0.004  15   0 11:35:01     45082.48188    0.0000  2023/07/06
 0.0000000  101.0000000    0.0000   6427.863 0.017    6.8    0.8 0.36 -0.004  15   0 11:35:20     45082.48210    0.0000  2023/07/06
 0.0000000  101.0000000    0.0000   6427.863 0.015    6.7    1.1 0.36 -0.004  15   0 11:35:39     45082.48232    0.0000  2023/07/06
 0.0000000  101.0000000    0.0000   6427.864 0.017    6.1    1.7 0.36 -0.004  15   0 11:35:58     45082.48254    0.0000  2023/07/06
 0.0000000  101.0000000    0.0000   6427.865 0.026    6.0    1.9 0.36 -0.004  15   0 11:36:17     45082.48276    0.0000  2023/07/06
 0.0000000  101.0000000    0.0000   6427.866 0.015    6.6    1.9 0.36 -0.004  15   0 11:36:36     45082.48298    0.0000  2023/07/06
 0.0000000  101.0000000    0.0000   6427.865 0.020    6.0    2.2 0.36 -0.003  15   0 11:36:55     45082.48320    0.0000  2023/07/06
 0.0000000  101.0000000    0.0000   6427.868 0.020    5.6    1.9 0.36 -0.003  15   0 11:37:14     45082.48342    0.0000  2023/07/06
 0.0000000  101.0000000    0.0000   6427.868 0.027    5.4    2.2 0.36 -0.003  15   0 11:37:33     45082.48363    0.0000  2023/07/06
 0.0000000  101.0000000    0.0000   6427.869 0.020    6.1    2.1 0.36 -0.002  15   0 11:37:52     45082.48385    0.0000  2023/07/06
 0.0000000  101.0000000    0.0000   6427.869 0.026    5.1    1.9 0.35 -0.002  15   0 11:38:11     45082.48407    0.0000  2023/07/06
 0.0000000  101.0000000    0.0000   6427.869 0.018    6.0    1.8 0.35 -0.002  15   0 11:38:30     45082.48429    0.0000  2023/07/06
 0.0000000  101.0000000    0.0000   6427.871 0.019    5.0    2.0 0.35 -0.002  15   0 11:38:49     45082.48451    0.0000  2023/07/06
 0.0000000  101.0000000    0.0000   6427.877 0.020    4.6    1.2 0.35 -0.002  15   1 11:39:08     45082.48473    0.0000  2023/07/06
 0.0000000  101.0000000    0.0000   6427.873 0.014    5.2    1.2 0.34 -0.002  15   0 11:39:27     45082.48495    0.0000  2023/07/06
 0.0000000  101.0000000    0.0000   6427.873 0.016    5.6    1.5 0.34 -0.002  15   0 11:39:46     45082.48517    0.0000  2023/07/06
 0.0000000  101.0000000    0.0000   6427.875 0.015    5.8    2.0 0.34 -0.001  15   0 11:40:05     45082.48539    0.0000  2023/07/06
 0.0000000  101.0000000    0.0000   6427.874 0.017    5.4    2.2 0.33 -0.001  15   0 11:40:24     45082.48561    0.0000  2023/07/06
 0.0000000  101.0000000    0.0000   6427.875 0.028    5.6    2.0 0.33 -0.001  15   0 11:40:43     45082.48583    0.0000  2023/07/06
 0.0000000  101.0000000    0.0000   6427.877 0.020    5.7    2.6 0.33 0.000  15   0 11:41:02     45082.48605    0.0000  2023/07/06
 0.0000000  101.0000000    0.0000   6427.876 0.027    5.5    2.6 0.32 0.000  15   0 11:41:21     45082.48627    0.0000  2023/07/06
 0.0000000  101.0000000    0.0000   6427.878 0.024    5.0    2.3 0.32 0.000  15   0 11:41:40     45082.48649    0.0000  2023/07/06
 0.0000000  101.0000000    0.0000   6427.879 0.038    6.2    2.1 0.32 0.000  15   1 11:41:59     45082.48671    0.0000  2023/07/06
 0.0000000  101.0000000    0.0000   6427.880 0.030    5.6    2.6 0.32 0.000  15   0 11:42:18     45082.48693    0.0000  2023/07/06
 0.0000000  101.0000000    0.0000   6427.881 0.031    5.5    2.0 0.31 0.000  15   0 11:42:37     45082.48715    0.0000  2023/07/06
 0.0000000  101.0000000    0.0000   6427.881 0.040    4.5    1.7 0.31 0.000  15   0 11:42:56     45082.48737    0.0000  2023/07/06
 0.0000000  101.0000000    0.0000   6427.881 0.034    4.6    1.2 0.31 0.000  15   0 11:43:15     45082.48759    0.0000  2023/07/06
 0.0000000  101.0000000    0.0000   6427.882 0.040    3.6    1.4 0.31 0.000  15   0 11:43:34     45082.48781    0.0000  2023/07/06
 0.0000000  101.0000000    0.0000   6427.884 0.029    3.7    1.4 0.30 0.001  15   0 11:43:53     45082.48803    0.0000  2023/07/06
 0.0000000  101.0000000    0.0000   6427.887 0.037    3.8    1.3 0.30 0.001  15   0 11:44:12     45082.48825    0.0000  2023/07/06
 0.0000000  101.0000000    0.0000   6427.883 0.027    4.7    0.8 0.30 0.001  15   0 11:44:31     45082.48846    0.0000  2023/07/06
 0.0000000  101.0000000    0.0000   6427.884 0.041    4.3    0.0 0.30 0.001  15   1 11:44:50     45082.48868    0.0000  2023/07/06
 0.0000000  101.0000000    0.0000   6427.887 0.028    3.2    0.3 0.29 0.001  15   0 11:45:09     45082.48890    0.0000  2023/07/06
 0.0000000  101.0000000    0.0000   6427.885 0.031    4.1    0.8 0.29 0.001  15   0 11:45:28     45082.48912    0.0000  2023/07/06
 0.0000000  101.0000000    0.0000   6427.886 0.034    2.9    1.8 0.29 0.001  15   0 11:45:47     45082.48934    0.0000  2023/07/06
 0.0000000  101.0000000    0.0000   6427.890 0.050    3.0    0.8 0.29 0.002  15   0 11:46:06     45082.48956    0.0000  2023/07/06
 0.0000000  101.0000000    0.0000   6427.886 0.026    3.3    1.5 0.29 0.002  15   0 11:46:25     45082.48978    0.0000  2023/07/06
 0.0000000  101.0000000    0.0000   6427.886 0.022    3.2    0.5 0.28 0.002  15   0 11:46:44     45082.49000    0.0000  2023/07/06
 0.0000000  101.0000000    0.0000   6427.887 0.016    3.0    0.5 0.28 0.003  15   0 11:47:03     45082.49022    0.0000  2023/07/06
 0.0000000  101.0000000    0.0000   6427.890 0.015    2.9    1.4 0.28 0.003  15   0 11:47:22     45082.49044    0.0000  2023/07/06
 0.0000000  101.0000000    0.0000   6427.889 0.022    2.9    1.1 0.28 0.003  15   0 11:47:41     45082.49066    0.0000  2023/07/06
 0.0000000  101.0000000    0.0000   6427.890 0.028    3.5    2.1 0.28 0.004  15   0 11:48:00     45082.49088    0.0000  2023/07/06
 0.0000000  101.0000000    0.0000   6427.890 0.017    4.7    1.5 0.28 0.004  15   0 11:48:19     45082.49110    0.0000  2023/07/06
 0.0000000  101.0000000    0.0000   6427.891 0.016    3.7    1.5 0.28 0.004  15   0 11:48:38     45082.49132    0.0000  2023/07/06
 0.0000000  101.0000000    0.0000   6427.892 0.022    4.6    2.0 0.28 0.004  15   0 11:48:57     45082.49154    0.0000  2023/07/06
 0.0000000  101.0000000    0.0000   6427.894 0.022    3.6    2.3 0.27 0.004  15   2 11:49:16     45082.49176    0.0000  2023/07/06
 0.0000000  101.0000000    0.0000   6427.892 0.026    3.8    2.2 0.27 0.004  15   0 11:49:35     45082.49198    0.0000  2023/07/06
 0.0000000  101.0000000    0.0000   6427.893 0.024    3.9    1.3 0.27 0.005  15   0 11:49:54     45082.49220    0.0000  2023/07/06
 0.0000000  101.0000000    0.0000   6427.905 0.037    4.8    2.3 0.27 0.005  15   0 11:50:13     45082.49242    0.0000  2023/07/06
 0.0000000  101.0000000    0.0000   6427.895 0.026    5.1    1.9 0.27 0.005  15   0 11:50:32     45082.49264    0.0000  2023/07/06
 0.0000000  101.0000000    0.0000   6427.894 0.022    4.7    2.1 0.27 0.005  15   0 11:50:51     45082.49286    0.0000  2023/07/06
 0.0000000  101.0000000    0.0000   6427.896 0.015    5.4    1.7 0.27 0.006  15   0 11:51:10     45082.49308    0.0000  2023/07/06
 0.0000000  101.0000000    0.0000   6427.896 0.016    4.2    2.3 0.27 0.006  15   0 11:51:29     45082.49330    0.0000  2023/07/06
 0.0000000  101.0000000    0.0000   6427.894 0.026    4.0    2.1 0.26 0.006  15   1 11:51:48     45082.49351    0.0000  2023/07/06
 0.0000000  101.0000000    0.0000   6427.897 0.033    3.7    2.4 0.26 0.006  15   0 11:52:07     45082.49373    0.0000  2023/07/06
 0.0000000  101.0000000    0.0000   6427.897 0.036    4.8    1.8 0.26 0.006  15   0 11:52:26     45082.49395    0.0000  2023/07/06
 0.0000000  101.0000000    0.0000   6427.897 0.041    4.3    2.1 0.26 0.006  15   0 11:52:45     45082.49417    0.0000  2023/07/06
 0.0000000  101.0000000    0.0000   6427.897 0.036    5.4    1.5 0.26 0.007  15   0 11:53:04     45082.49439    0.0000  2023/07/06
 0.0000000  101.0000000    0.0000   6427.898 0.050    3.7    1.7 0.26 0.007  15   0 11:53:23     45082.49461    0.0000  2023/07/06
 0.0000000  101.0000000    0.0000   6427.898 0.035    4.1    0.9 0.26 0.007  15   0 11:53:42     45082.49483    0.0000  2023/07/06
 0.0000000  101.0000000    0.0000   6427.900 0.023    4.8    1.0 0.26 0.008  15   0 11:54:01     45082.49505    0.0000  2023/07/06
 0.0000000  101.0000000    0.0000   6427.901 0.032    4.9    1.4 0.26 0.008  15   0 11:54:20     45082.49527    0.0000  2023/07/06
 0.0000000  101.0000000    0.0000   6427.902 0.025    4.8    1.6 0.26 0.008  15   0 11:54:39     45082.49549    0.0000  2023/07/06
 0.0000000  101.0000000    0.0000   6427.900 0.026    5.3    1.4 0.26 0.008  15   0 11:54:58     45082.49571    0.0000  2023/07/06
 0.0000000  101.0000000    0.0000   6427.902 0.025    6.0    1.5 0.26 0.008  15   0 11:55:17     45082.49593    0.0000  2023/07/06
 0.0000000  101.0000000    0.0000   6427.902 0.025    5.2    1.5 0.26 0.008  15   0 11:55:36     45082.49615    0.0000  2023/07/06
 0.0000000  101.0000000    0.0000   6427.904 0.023    4.0    2.8 0.26 0.009  15   0 11:55:55     45082.49637    0.0000  2023/07/06
 0.0000000  101.0000000    0.0000   6427.903 0.019    4.3    1.9 0.25 0.009  15   0 11:56:14     45082.49659    0.0000  2023/07/06
 0.0000000  101.0000000    0.0000   6427.904 0.018    4.2    2.3 0.25 0.009  15   0 11:56:33     45082.49681    0.0000  2023/07/06
 0.0000000  101.0000000    0.0000   6427.904 0.014    3.9    2.1 0.26 0.010  15   0 11:56:52     45082.49703    0.0000  2023/07/06
 0.0000000  101.0000000    0.0000   6427.904 0.021    3.5    2.6 0.25 0.010  15   0 11:57:11     45082.49725    0.0000  2023/07/06
 0.0000000  101.0000000    0.0000   6427.905 0.017    4.5    1.6 0.25 0.010  15   0 11:57:30     45082.49747    0.0000  2023/07/06
 0.0000000  101.0000000    0.0000   6427.903 0.020    4.3    2.1 0.25 0.010  15   0 11:57:49     45082.49769    0.0000  2023/07/06
 0.0000000  101.0000000    0.0000   6427.907 0.028    5.2    1.9 0.25 0.011  15   0 11:58:08     45082.49791    0.0000  2023/07/06
 0.0000000  101.0000000    0.0000   6427.907 0.014    4.9    2.6 0.25 0.011  15   0 11:58:27     45082.49813    0.0000  2023/07/06
 0.0000000  101.0000000    0.0000   6427.907 0.018    5.5    1.9 0.25 0.011  15   0 11:58:46     45082.49834    0.0000  2023/07/06
 0.0000000  101.0000000    0.0000   6427.906 0.012    4.8    2.6 0.25 0.011  15   0 11:59:05     45082.49856    0.0000  2023/07/06
 0.0000000  101.0000000    0.0000   6427.908 0.026    4.8    2.7 0.25 0.011  15   1 11:59:24     45082.49878    0.0000  2023/07/06
 0.0000000  101.0000000    0.0000   6427.907 0.025    4.4    2.5 0.25 0.011  15   0 11:59:43     45082.49900    0.0000  2023/07/06
 0.0000000  101.0000000    0.0000   6427.910 0.026    4.8    2.0 0.25 0.012  15   0 12:00:02     45082.49922    0.0000  2023/07/06
 0.0000000  101.0000000    0.0000   6427.911 0.013    4.5    2.4 0.25 0.012  15   0 12:00:21     45082.49944    0.0000  2023/07/06
 0.0000000  101.0000000    0.0000   6427.910 0.020    4.9    2.6 0.25 0.012  15   0 12:00:40     45082.49966    0.0000  2023/07/06
 0.0000000  101.0000000    0.0000   6427.911 0.022    5.2    2.4 0.25 0.013  15   0 12:00:59     45082.49988    0.0000  2023/07/06
 0.0000000  101.0000000    0.0000   6427.911 0.014    4.4    3.0 0.25 0.013  15   0 12:01:18     45082.50010    0.0000  2023/07/06
 0.0000000  101.0000000    0.0000   6427.912 0.015    5.3    2.3 0.25 0.013  15   0 12:01:37     45082.50032    0.0000  2023/07/06
 0.0000000  101.0000000    0.0000   6427.912 0.015    3.9    3.7 0.25 0.013  15   0 12:01:56     45082.50054    0.0000  2023/07/06
 0.0000000  101.0000000    0.0000   6427.914 0.024    4.5    2.8 0.25 0.013  15   0 12:02:15     45082.50076    0.0000  2023/07/06
 0.0000000  101.0000000    0.0000   6427.913 0.023    5.0    2.4 0.25 0.013  15   0 12:02:34     45082.50098    0.0000  2023/07/06
 0.0000000  101.0000000    0.0000   6427.913 0.015    4.7    2.9 0.25 0.014  15   0 12:02:53     45082.50120    0.0000  2023/07/06
 0.0000000  101.0000000    0.0000   6427.914 0.014    5.7    2.2 0.25 0.014  15   0 12:03:12     45082.50142    0.0000  2023/07/06
 0.0000000  101.0000000    0.0000   6427.914 0.017    5.6    2.1 0.25 0.014  15   0 12:03:31     45082.50164    0.0000  2023/07/06
 0.0000000  101.0000000    0.0000   6427.914 0.016    5.4    2.3 0.25 0.014  15   0 12:03:50     45082.50186    0.0000  2023/07/06
 0.0000000  101.0000000    0.0000   6427.915 0.016    5.3    2.3 0.25 0.015  15   0 12:04:09     45082.50208    0.0000  2023/07/06
 0.0000000  101.0000000    0.0000   6427.916 0.017    5.8    2.1 0.25 0.015  15   0 12:04:28     45082.50230    0.0000  2023/07/06
 0.0000000  101.0000000    0.0000   6427.914 0.017    6.3    2.1 0.25 0.015  15   0 12:04:47     45082.50252    0.0000  2023/07/06
 0.0000000  101.0000000    0.0000   6427.917 0.016    6.2    2.5 0.24 0.016  15   0 12:05:06     45082.50274    0.0000  2023/07/06
 0.0000000  101.0000000    0.0000   6427.915 0.012    6.3    2.4 0.25 0.016  15   0 12:05:25     45082.50296    0.0000  2023/07/06
 0.0000000  101.0000000    0.0000   6427.918 0.017    6.3    2.3 0.25 0.016  15   0 12:05:44     45082.50318    0.0000  2023/07/06
 0.0000000  101.0000000    0.0000   6427.917 0.016    5.9    2.3 0.24 0.016  15   0 12:06:03     45082.50339    0.0000  2023/07/06
 0.0000000  101.0000000    0.0000   6427.917 0.018    6.1    2.5 0.24 0.016  15   0 12:06:22     45082.50361    0.0000  2023/07/06
 0.0000000  101.0000000    0.0000   6427.918 0.019    6.0    2.4 0.24 0.016  15   0 12:06:41     45082.50383    0.0000  2023/07/06
 0.0000000  101.0000000    0.0000   6427.919 0.012    5.7    2.4 0.25 0.017  15   0 12:07:00     45082.50405    0.0000  2023/07/06
 0.0000000  101.0000000    0.0000   6427.919 0.017    5.4    2.6 0.25 0.017  15   0 12:07:19     45082.50427    0.0000  2023/07/06
 0.0000000  101.0000000    0.0000   6427.920 0.019    4.1    3.1 0.25 0.017  15   0 12:07:38     45082.50449    0.0000  2023/07/06
 0.0000000  101.0000000    0.0000   6427.919 0.024    5.9    2.2 0.25 0.018  15   0 12:07:57     45082.50471    0.0000  2023/07/06
 0.0000000  101.0000000    0.0000   6427.920 0.011    5.8    2.2 0.25 0.018  15   0 12:08:16     45082.50493    0.0000  2023/07/06
 0.0000000  101.0000000    0.0000   6427.919 0.020    5.3    2.1 0.24 0.018  15   0 12:08:35     45082.50515    0.0000  2023/07/06
 0.0000000  101.0000000    0.0000   6427.921 0.023    5.6    2.5 0.25 0.018  15   0 12:08:54     45082.50537    0.0000  2023/07/06
 0.0000000  101.0000000    0.0000   6427.923 0.013    5.5    2.5 0.25 0.018  15   0 12:09:13     45082.50559    0.0000  2023/07/06
 0.0000000  101.0000000    0.0000   6427.922 0.018    4.9    1.8 0.25 0.018  15   0 12:09:32     45082.50581    0.0000  2023/07/06
 0.0000000  101.0000000    0.0000   6427.922 0.019    5.0    1.5 0.25 0.018  15   0 12:09:51     45082.50603    0.0000  2023/07/06
 0.0000000  101.0000000    0.0000   6427.923 0.016    4.9    0.9 0.24 0.019  15   1 12:10:10     45082.50625    0.0000  2023/07/06
 0.0000000  101.0000000    0.0000   6427.924 0.021    5.2    0.5 0.24 0.019  15   0 12:10:29     45082.50647    0.0000  2023/07/06
 0.0000000  101.0000000    0.0000   6427.925 0.015    5.0   -0.3 0.24 0.019  15   1 12:10:48     45082.50669    0.0000  2023/07/06
 0.0000000  101.0000000    0.0000   6427.926 0.037    2.6    1.7 0.24 0.020  15   0 12:11:07     45082.50691    0.0000  2023/07/06
 0.0000000  101.0000000    0.0000   6427.926 0.027    5.9    0.3 0.24 0.020  15   0 12:11:26     45082.50713    0.0000  2023/07/06
 0.0000000  101.0000000    0.0000   6427.927 0.017    6.0    0.5 0.24 0.020  15   0 12:11:45     45082.50735    0.0000  2023/07/06
 0.0000000  101.0000000    0.0000   6427.926 0.014    6.8    1.0 0.24 0.020  15   0 12:12:04     45082.50757    0.0000  2023/07/06
 0.0000000  101.0000000    0.0000   6427.927 0.023    5.4    0.8 0.25 0.020  15   0 12:12:23     45082.50779    0.0000  2023/07/06
 0.0000000  101.0000000    0.0000   6427.930 0.031    3.1    0.8 0.24 0.020  15   1 12:12:42     45082.50801    0.0000  2023/07/06
 0.0000000  101.0000000    0.0000   6427.927 0.020    5.0    0.1 0.24 0.021  15   0 12:13:01     45082.50822    0.0000  2023/07/06
 0.0000000  101.0000000    0.0000   6427.930 0.015    5.8    0.8 0.24 0.021  15   0 12:13:20     45082.50844    0.0000  2023/07/06
 0.0000000  101.0000000    0.0000   6427.929 0.010    5.7    1.1 0.24 0.021  15   0 12:13:39     45082.50866    0.0000  2023/07/06
 0.0000000  101.0000000    0.0000   6427.929 0.015    5.5    1.1 0.24 0.022  15   0 12:13:58     45082.50888    0.0000  2023/07/06
 0.0000000  101.0000000    0.0000   6427.929 0.012    5.4    0.8 0.24 0.022  15   0 12:14:17     45082.50910    0.0000  2023/07/06
 0.0000000  101.0000000    0.0000   6427.929 0.021    5.1    0.7 0.24 0.022  15   0 12:14:36     45082.50932    0.0000  2023/07/06
 0.0000000  101.0000000    0.0000   6427.931 0.014    5.4    0.8 0.24 0.023  15   0 12:14:55     45082.50954    0.0000  2023/07/06
 0.0000000  101.0000000    0.0000   6427.931 0.015    6.0    0.5 0.24 0.023  15   0 12:15:14     45082.50976    0.0000  2023/07/06
 0.0000000  101.0000000    0.0000   6427.931 0.010    6.4    0.7 0.24 0.023  15   0 12:15:33     45082.50998    0.0000  2023/07/06
 0.0000000  101.0000000    0.0000   6427.933 0.009    6.0    0.8 0.24 0.023  15   1 12:15:52     45082.51020    0.0000  2023/07/06
 0.0000000  101.0000000    0.0000   6427.932 0.015    5.6    0.0 0.24 0.023  15   0 12:16:11     45082.51042    0.0000  2023/07/06
 0.0000000  101.0000000    0.0000   6427.931 0.018    6.4    0.0 0.24 0.023  15   0 12:16:30     45082.51064    0.0000  2023/07/06
 0.0000000  101.0000000    0.0000   6427.932 0.022    6.1   -0.3 0.24 0.023  15   1 12:16:49     45082.51086    0.0000  2023/07/06
 0.0000000  101.0000000    0.0000   6427.932 0.013    6.0   -0.3 0.24 0.024  15   0 12:17:08     45082.51108    0.0000  2023/07/06
 0.0000000  101.0000000    0.0000   6427.935 0.025    5.8   -0.5 0.24 0.024  15   0 12:17:27     45082.51130    0.0000  2023/07/06
 0.0000000  101.0000000    0.0000   6427.934 0.016    6.5   -0.3 0.24 0.024  15   0 12:17:46     45082.51152    0.0000  2023/07/06
 0.0000000  101.0000000    0.0000   6427.934 0.026    5.9   -0.2 0.24 0.025  15   0 12:18:05     45082.51174    0.0000  2023/07/06
 0.0000000  101.0000000    0.0000   6427.935 0.017    5.0   -0.2 0.24 0.025  15   0 12:18:24     45082.51196    0.0000  2023/07/06
 0.0000000  101.0000000    0.0000   6427.935 0.012    5.8   -0.4 0.24 0.025  15   0 12:18:43     45082.51218    0.0000  2023/07/06
 0.0000000  101.0000000    0.0000   6427.936 0.015    5.8   -0.4 0.24 0.025  15   0 12:19:02     45082.51240    0.0000  2023/07/06
 0.0000000  101.0000000    0.0000   6427.935 0.017    6.2   -0.6 0.24 0.025  15   0 12:19:21     45082.51262    0.0000  2023/07/06
 0.0000000  101.0000000    0.0000   6427.936 0.014    5.9   -0.8 0.24 0.025  15   0 12:19:40     45082.51284    0.0000  2023/07/06
 0.0000000  101.0000000    0.0000   6427.938 0.016    6.1    0.0 0.24 0.026  15   0 12:19:59     45082.51306    0.0000  2023/07/06
 0.0000000  101.0000000    0.0000   6427.940 0.020    6.2   -0.2 0.24 0.026  15   0 12:20:18     45082.51327    0.0000  2023/07/06
 0.0000000  101.0000000    0.0000   6427.937 0.022    6.1   -0.6 0.24 0.026  15   0 12:20:37     45082.51349    0.0000  2023/07/06
 0.0000000  101.0000000    0.0000   6427.939 0.017    6.2    0.0 0.24 0.027  15   0 12:20:56     45082.51371    0.0000  2023/07/06
 0.0000000  101.0000000    0.0000   6427.938 0.017    5.3   -0.3 0.24 0.027  15   0 12:21:15     45082.51393    0.0000  2023/07/06
 0.0000000  101.0000000    0.0000   6427.939 0.016    5.9   -0.2 0.24 0.027  15   0 12:21:34     45082.51415    0.0000  2023/07/06
 0.0000000  101.0000000    0.0000   6427.938 0.014    6.3   -0.3 0.24 0.028  15   3 12:21:53     45082.51437    0.0000  2023/07/06
 0.0000000  101.0000000    0.0000   6427.941 0.015    6.8   -1.0 0.24 0.028  15   0 12:22:12     45082.51459    0.0000  2023/07/06
 0.0000000  101.0000000    0.0000   6427.939 0.018    6.5   -1.1 0.24 0.028  15   0 12:22:31     45082.51481    0.0000  2023/07/06
 0.0000000  101.0000000    0.0000   6427.941 0.019    6.7   -1.2 0.24 0.028  15   0 12:22:50     45082.51503    0.0000  2023/07/06
 0.0000000  101.0000000    0.0000   6427.942 0.019    6.5   -2.0 0.24 0.028  15   0 12:23:09     45082.51525    0.0000  2023/07/06
 0.0000000  101.0000000    0.0000   6427.942 0.019    7.1   -1.3 0.24 0.028  15   0 12:23:28     45082.51547    0.0000  2023/07/06
 0.0000000  101.0000000    0.0000   6427.940 0.011    7.3   -0.3 0.24 0.028  15   0 12:23:47     45082.51569    0.0000  2023/07/06
 0.0000000  101.0000000    0.0000   6427.941 0.014    7.5   -0.2 0.24 0.029  15   0 12:24:06     45082.51591    0.0000  2023/07/06
 0.0000000  101.0000000    0.0000   6427.943 0.014    7.5    0.3 0.24 0.029  15   0 12:24:25     45082.51613    0.0000  2023/07/06
 0.0000000  101.0000000    0.0000   6427.942 0.020    7.6    0.1 0.24 0.029  15   0 12:24:44     45082.51635    0.0000  2023/07/06
 0.0000000  101.0000000    0.0000   6427.942 0.015    7.9    0.6 0.24 0.030  15   0 12:25:03     45082.51657    0.0000  2023/07/06
 0.0000000  101.0000000    0.0000   6427.945 0.023    7.4    0.1 0.24 0.030  15   0 12:25:22     45082.51679    0.0000  2023/07/06
 0.0000000  101.0000000    0.0000   6427.944 0.012    8.0    0.4 0.24 0.030  15   0 12:25:41     45082.51701    0.0000  2023/07/06
 0.0000000  101.0000000    0.0000   6427.943 0.018    8.0    0.6 0.24 0.030  15   0 12:26:00     45082.51723    0.0000  2023/07/06
 0.0000000  101.0000000    0.0000   6427.945 0.016    8.1    0.7 0.24 0.030  15   0 12:26:19     45082.51745    0.0000  2023/07/06
 0.0000000  101.0000000    0.0000   6427.945 0.008    8.9    0.9 0.24 0.030  15   0 12:26:38     45082.51767    0.0000  2023/07/06
 0.0000000  101.0000000    0.0000   6427.947 0.011    9.5    1.4 0.24 0.031  15   0 12:26:57     45082.51789    0.0000  2023/07/06
 0.0000000  101.0000000    0.0000   6427.946 0.015    9.6    1.3 0.24 0.031  15   0 12:27:16     45082.51810    0.0000  2023/07/06
 0.0000000  101.0000000    0.0000   6427.948 0.016   10.3    1.4 0.24 0.031  15   0 12:27:35     45082.51832    0.0000  2023/07/06
 0.0000000  101.0000000    0.0000   6427.948 0.016   10.5    1.3 0.24 0.032  15   0 12:27:54     45082.51854    0.0000  2023/07/06
 0.0000000  101.0000000    0.0000   6427.947 0.021   10.3    1.2 0.24 0.032  15   0 12:28:13     45082.51876    0.0000  2023/07/06
 0.0000000  101.0000000    0.0000   6427.946 0.029    9.0    0.3 0.24 0.032  15   0 12:28:32     45082.51898    0.0000  2023/07/06
 0.0000000  101.0000000    0.0000   6427.949 0.020    9.3   -0.4 0.24 0.032  15   0 12:28:51     45082.51920    0.0000  2023/07/06
 0.0000000  101.0000000    0.0000   6427.948 0.021    9.9   -0.7 0.24 0.033  15   0 12:29:10     45082.51942    0.0000  2023/07/06
 0.0000000  101.0000000    0.0000   6427.949 0.015    9.5    0.0 0.24 0.033  15   0 12:29:29     45082.51964    0.0000  2023/07/06
 0.0000000  101.0000000    0.0000   6427.949 0.009    9.3    0.5 0.24 0.033  15   0 12:29:48     45082.51986    0.0000  2023/07/06
 0.0000000  101.0000000    0.0000   6427.950 0.009    9.5    0.9 0.24 0.033  15   0 12:30:07     45082.52008    0.0000  2023/07/06
 0.0000000  101.0000000    0.0000   6427.950 0.015    8.2    0.8 0.24 0.033  15   1 12:30:26     45082.52030    0.0000  2023/07/06
 0.0000000  101.0000000    0.0000   6427.951 0.020    9.0    0.4 0.24 0.033  15   0 12:30:45     45082.52052    0.0000  2023/07/06
 0.0000000  101.0000000    0.0000   6427.952 0.027    8.6    0.0 0.24 0.034  15   0 12:31:04     45082.52074    0.0000  2023/07/06
 0.0000000  101.0000000    0.0000   6427.954 0.022    9.5    0.0 0.24 0.034  15   0 12:31:23     45082.52096    0.0000  2023/07/06
 0.0000000  101.0000000    0.0000   6427.954 0.036    8.9   -0.5 0.24 0.034  15   0 12:31:42     45082.52118    0.0000  2023/07/06
 0.0000000  101.0000000    0.0000   6427.951 0.013    9.6   -0.8 0.24 0.035  15   0 12:32:01     45082.52140    0.0000  2023/07/06
 0.0000000  101.0000000    0.0000   6427.953 0.020    9.9   -0.6 0.24 0.035  15   1 12:32:20     45082.52162    0.0000  2023/07/06
 0.0000000  101.0000000    0.0000   6427.953 0.019   10.6   -0.6 0.24 0.035  15   0 12:32:39     45082.52184    0.0000  2023/07/06
 0.0000000  101.0000000    0.0000   6427.954 0.022   10.4   -0.5 0.24 0.035  15   0 12:32:58     45082.52206    0.0000  2023/07/06
 0.0000000  101.0000000    0.0000   6427.957 0.033   10.0   -0.7 0.24 0.035  15   0 12:33:17     45082.52228    0.0000  2023/07/06
 0.0000000  101.0000000    0.0000   6427.955 0.020   11.5   -1.1 0.24 0.035  15   0 12:33:36     45082.52250    0.0000  2023/07/06
 0.0000000  101.0000000    0.0000   6427.956 0.021   12.5   -0.5 0.24 0.036  15   0 12:33:55     45082.52272    0.0000  2023/07/06
 0.0000000  101.0000000    0.0000   6427.955 0.025   11.6   -1.0 0.24 0.036  15   1 12:34:14     45082.52294    0.0000  2023/07/06
 0.0000000  101.0000000    0.0000   6427.957 0.020   12.6   -1.3 0.24 0.036  15   0 12:34:33     45082.52315    0.0000  2023/07/06
 0.0000000  101.0000000    0.0000   6427.958 0.034   12.6   -0.5 0.24 0.037  15   0 12:34:52     45082.52337    0.0000  2023/07/06
 0.0000000  101.0000000    0.0000   6427.956 0.026   11.5   -1.8 0.24 0.037  15   0 12:35:11     45082.52359    0.0000  2023/07/06
 0.0000000  101.0000000    0.0000   6427.961 0.034    9.3   -3.0 0.24 0.037  15   0 12:35:30     45082.52381    0.0000  2023/07/06
 0.0000000  101.0000000    0.0000   6427.962 0.033   11.0   -2.8 0.24 0.037  15   0 12:35:49     45082.52403    0.0000  2023/07/06
 0.0000000  101.0000000    0.0000   6427.958 0.026   11.1   -2.6 0.24 0.037  15   0 12:36:08     45082.52425    0.0000  2023/07/06
 0.0000000  101.0000000    0.0000   6427.960 0.033   11.6   -3.0 0.24 0.037  15   0 12:36:27     45082.52447    0.0000  2023/07/06
 0.0000000  101.0000000    0.0000   6427.957 0.025   13.3   -3.3 0.24 0.037  10   0 12:36:47     45082.52470    0.0000  2023/07/06
 0.0000000  102.0000000    0.0000   6428.084 0.016    2.4    2.6 0.58 0.107  10   0 14:41:58     45082.61150    0.0000  2023/07/06
 0.0000000  102.0000000    0.0000   6428.082 0.018    2.8    2.7 0.58 0.107  10   0 14:42:16     45082.61170    0.0000  2023/07/06
 0.0000000  102.0000000    0.0000   6428.083 0.018    3.4    2.8 0.58 0.107  10   0 14:42:29     45082.61186    0.0000  2023/07/06
 0.0000000  102.0000000    0.0000   6428.085 0.017    3.9    3.0 0.58 0.107  10   0 14:42:43     45082.61202    0.0000  2023/07/06
 0.0000000   1.0000000    0.0000   6420.011 0.075    0.8    2.4 0.48 0.118  10   0 15:50:02     45082.65869    0.0000  2023/07/06
 0.0000000   1.0000000    0.0000   6420.012 0.031    1.6    3.2 0.47 0.118  10   0 15:50:20     45082.65890    0.0000  2023/07/06
 0.0000000   1.0000000    0.0000   6420.015 0.035    2.6    3.9 0.47 0.118  10   0 15:50:33     45082.65905    0.0000  2023/07/06
 0.0000000   1.0000000    0.0000   6420.019 0.029    3.6    5.3 0.47 0.118  10   0 15:50:47     45082.65921    0.0000  2023/07/06
 0.0000000   2.0000000    0.0000   6412.340 0.026   13.7    2.3 0.47 0.115  10   0 16:16:19     45082.67691    0.0000  2023/07/06
 0.0000000   2.0000000    0.0000   6412.341 0.028   17.0    2.7 0.47 0.115  10   0 16:16:37     45082.67712    0.0000  2023/07/06
 0.0000000   2.0000000    0.0000   6412.343 0.019   19.6    3.1 0.47 0.115  10   0 16:16:50     45082.67727    0.0000  2023/07/06
 0.0000000   2.0000000    0.0000   6412.345 0.018   21.8    2.9 0.47 0.115  10   0 16:17:04     45082.67743    0.0000  2023/07/06
 0.0000000   3.0000000    0.0000   6403.072 0.018   -1.9   -7.8 0.48 0.111  10   0 16:37:13     45082.69140    0.0000  2023/07/06
 0.0000000   3.0000000    0.0000   6403.073 0.030   -2.6  -10.3 0.48 0.111  10   0 16:37:31     45082.69161    0.0000  2023/07/06
 0.0000000   3.0000000    0.0000   6403.071 0.020   -2.8  -12.6 0.48 0.111  10   0 16:37:44     45082.69176    0.0000  2023/07/06
 0.0000000   3.0000000    0.0000   6403.070 0.025   -2.6  -14.3 0.48 0.111  10   0 16:37:58     45082.69192    0.0000  2023/07/06
 0.0000000   4.0000000    0.0000   6395.271 0.024   -8.1    0.1 0.52 0.102  10   0 17:04:21     45082.71022    0.0000  2023/07/06
 0.0000000   4.0000000    0.0000   6395.273 0.030  -11.1    4.3 0.52 0.102  10   0 17:04:39     45082.71042    0.0000  2023/07/06
 0.0000000   4.0000000    0.0000   6395.275 0.029  -13.1    7.5 0.52 0.102  10   0 17:04:52     45082.71057    0.0000  2023/07/06
 0.0000000   4.0000000    0.0000   6395.281 0.040  -15.9    8.6 0.52 0.102  10   0 17:05:06     45082.71074    0.0000  2023/07/06
 0.0000000   5.0000000    0.0000   6396.174 0.018  -16.1    5.5 0.48 0.092  10   0 17:27:33     45082.72630    0.0000  2023/07/06
 0.0000000   5.0000000    0.0000   6396.177 0.021  -22.2   12.4 0.48 0.092  10   0 17:27:51     45082.72651    0.0000  2023/07/06
 0.0000000   5.0000000    0.0000   6396.187 0.027  -28.7   19.4 0.48 0.092  10   0 17:28:04     45082.72666    0.0000  2023/07/06
 0.0000000   5.0000000    0.0000   6396.190 0.017  -35.2   26.7 0.48 0.092  10   0 17:28:18     45082.72682    0.0000  2023/07/06
 0.0000000   6.0000000    0.0000   6405.071 0.017    4.3  -18.4 0.47 0.079  10   0 17:53:39     45082.74440    0.0000  2023/07/06
 0.0000000   6.0000000    0.0000   6405.066 0.013    2.7  -24.8 0.47 0.078  10   0 17:53:57     45082.74461    0.0000  2023/07/06
 0.0000000   6.0000000    0.0000   6405.066 0.020    1.6  -30.7 0.47 0.078  10   0 17:54:10     45082.74476    0.0000  2023/07/06
 0.0000000   6.0000000    0.0000   6405.065 0.018    0.5  -37.3 0.46 0.078  10   0 17:54:24     45082.74492    0.0000  2023/07/06
 0.0000000   7.0000000    0.0000   6419.584 0.028   -7.7  -12.9 0.48 0.064  10   0 18:17:13     45082.76074    0.0000  2023/07/06
 0.0000000   7.0000000    0.0000   6419.583 0.036  -10.1  -18.7 0.48 0.064  10   0 18:17:31     45082.76094    0.0000  2023/07/06
 0.0000000   7.0000000    0.0000   6419.582 0.031  -13.1  -24.8 0.48 0.064  10   0 18:17:44     45082.76110    0.0000  2023/07/06
 0.0000000   7.0000000    0.0000   6419.582 0.037  -15.3  -31.0 0.48 0.063  10   0 18:17:58     45082.76126    0.0000  2023/07/06
 0.0000000   8.0000000    0.0000   6435.242 0.016   -5.0   -3.2 0.42 0.029  10   0 19:07:38     45082.79569    0.0000  2023/07/06
 0.0000000   8.0000000    0.0000   6435.247 0.011   -4.8   -2.9 0.42 0.029  10   0 19:07:56     45082.79590    0.0000  2023/07/06
 0.0000000   8.0000000    0.0000   6435.249 0.017   -4.7   -2.9 0.42 0.029  10   0 19:08:09     45082.79605    0.0000  2023/07/06
 0.0000000   8.0000000    0.0000   6435.250 0.012   -4.6   -2.6 0.41 0.029  10   0 19:08:23     45082.79621    0.0000  2023/07/06
 0.0000000  71.0000000    0.0000   6419.599 0.043   17.5   -8.1 0.45 0.003  10   0 19:43:06     45082.82028    0.0000  2023/07/06
 0.0000000  71.0000000    0.0000   6419.604 0.071   26.4  -10.6 0.45 0.003  10   0 19:43:24     45082.82049    0.0000  2023/07/06
 0.0000000  71.0000000    0.0000   6419.607 0.064   37.0  -12.4 0.45 0.003  10   0 19:43:37     45082.82064    0.0000  2023/07/06
 0.0000000  71.0000000    0.0000   6419.610 0.060   43.7  -12.1 0.45 0.003  10   0 19:43:51     45082.82080    0.0000  2023/07/06
 0.0000000  11.0000000    0.0000   6420.041 0.024   12.5   -1.9 0.47 -0.045  10   0 20:57:13     45082.87167    0.0000  2023/07/06
 0.0000000  11.0000000    0.0000   6420.044 0.022   18.4   -1.8 0.47 -0.045  10   0 20:57:31     45082.87188    0.0000  2023/07/06
 0.0000000  11.0000000    0.0000   6420.046 0.020   23.2   -1.6 0.47 -0.045  10   0 20:57:44     45082.87203    0.0000  2023/07/06
 0.0000000  11.0000000    0.0000   6420.045 0.031   29.3   -0.1 0.48 -0.046  10   0 20:57:58     45082.87219    0.0000  2023/07/06
 0.0000000   9.0000000    0.0000   6429.635 0.029   -5.3  -17.8 0.43 -0.056  10   0 21:15:57     45082.88466    0.0000  2023/07/06
 0.0000000   9.0000000    0.0000   6429.634 0.026   -4.5  -24.0 0.43 -0.056  10   0 21:16:15     45082.88487    0.0000  2023/07/06
 0.0000000   9.0000000    0.0000   6429.637 0.021   -3.9  -29.8 0.43 -0.056  10   1 21:16:28     45082.88502    0.0000  2023/07/06
 0.0000000   9.0000000    0.0000   6429.632 0.020   -4.0  -36.8 0.43 -0.056  10   0 21:16:42     45082.88518    0.0000  2023/07/06
 0.0000000  103.0000000    0.0000   6428.170 0.034   -3.7   -5.5 0.43 -0.079  10   1 22:09:19     45082.92166    0.0000  2023/07/06
 0.0000000  103.0000000    0.0000   6428.181 0.043   -3.9   -5.7 0.43 -0.079  10   0 22:09:37     45082.92187    0.0000  2023/07/06
 0.0000000  103.0000000    0.0000   6428.181 0.038   -3.8   -4.9 0.43 -0.079  10   0 22:09:50     45082.92202    0.0000  2023/07/06
 0.0000000  103.0000000    0.0000   6428.182 0.043   -3.4   -5.4 0.43 -0.080  10   0 22:10:04     45082.92218    0.0000  2023/07/06
 0.0000000  104.0000000    0.0000   6429.209 0.011   -5.7   -2.2 0.22 0.015  10   0 13:11:35     45083.54883    0.0000  2023/07/07
 0.0000000  104.0000000    0.0000   6429.208 0.013   -5.1   -1.8 0.22 0.015  10   0 13:11:53     45083.54904    0.0000  2023/07/07
 0.0000000  104.0000000    0.0000   6429.210 0.017   -4.9   -1.1 0.23 0.016  10   0 13:12:06     45083.54919    0.0000  2023/07/07
 0.0000000  104.0000000    0.0000   6429.211 0.007   -4.4   -0.6 0.23 0.016  10   0 13:12:20     45083.54935    0.0000  2023/07/07
 0.0000000  105.0000000    0.0000   6429.784 0.017    3.1   -3.7 0.34 -0.080  10   0 01:19:46     45084.05530    0.0000  2023/07/08
 0.0000000  105.0000000    0.0000   6429.784 0.015    3.9   -3.3 0.34 -0.079  10   0 01:20:04     45084.05551    0.0000  2023/07/08
 0.0000000  105.0000000    0.0000   6429.786 0.012    4.7   -3.0 0.35 -0.079  10   0 01:20:17     45084.05566    0.0000  2023/07/08
 0.0000000  105.0000000    0.0000   6429.788 0.016    5.1   -2.6 0.35 -0.079  10   0 01:20:31     45084.05582    0.0000  2023/07/08
 0.0000000  106.0000000    0.0000   6430.884 0.014    1.0   -7.4 0.37 0.042  10   0 17:43:57     45084.73767    0.0000  2023/07/08
 0.0000000  106.0000000    0.0000   6430.888 0.012    1.7   -7.4 0.37 0.042  10   0 17:44:15     45084.73788    0.0000  2023/07/08
 0.0000000  106.0000000    0.0000   6430.885 0.016    2.3   -7.3 0.37 0.042  10   0 17:44:28     45084.73803    0.0000  2023/07/08
 0.0000000  106.0000000    0.0000   6430.888 0.011    3.0   -7.4 0.38 0.042  10   0 17:44:42     45084.73819    0.0000  2023/07/08
 0.0000000  107.0000000    0.0000   6431.214 0.009   -5.7    1.4 0.31 -0.072  10   0 01:58:15     45085.08199    0.0000  2023/07/09
 0.0000000  107.0000000    0.0000   6431.217 0.012   -5.5    1.8 0.31 -0.072  10   0 01:58:33     45085.08219    0.0000  2023/07/09
 0.0000000  107.0000000    0.0000   6431.215 0.006   -5.5    2.0 0.31 -0.072  10   0 01:58:46     45085.08234    0.0000  2023/07/09
 0.0000000  107.0000000    0.0000   6431.220 0.008   -4.9    2.3 0.32 -0.072  10   0 01:59:00     45085.08251    0.0000  2023/07/09
 0.0000000  108.0000000    0.0000   6431.819 0.006    4.1    2.7 0.24 -0.018  10   0 14:16:19     45085.59371    0.0000  2023/07/09
 0.0000000  108.0000000    0.0000   6431.821 0.016    4.7    3.1 0.25 -0.018  10   0 14:16:37     45085.59392    0.0000  2023/07/09
 0.0000000  108.0000000    0.0000   6431.824 0.013    5.3    3.7 0.25 -0.018  10   0 14:16:50     45085.59407    0.0000  2023/07/09
 0.0000000  108.0000000    0.0000   6431.823 0.006    6.2    4.2 0.25 -0.018  10   0 14:17:04     45085.59423    0.0000  2023/07/09
 0.0000000  21.0000000    0.0000   6399.111 0.156   16.1   -1.8 0.61 -0.004  10   0 15:45:02     45085.65522    0.0000  2023/07/09
 0.0000000  21.0000000    0.0000   6399.115 0.125   16.3   -6.1 0.61 -0.004  10   0 15:45:20     45085.65543    0.0000  2023/07/09
 0.0000000  21.0000000    0.0000   6399.113 0.147   18.2  -10.0 0.61 -0.004  10   0 15:45:33     45085.65558    0.0000  2023/07/09
 0.0000000  21.0000000    0.0000   6399.117 0.134   22.3  -12.4 0.61 -0.004  10   0 15:45:47     45085.65574    0.0000  2023/07/09
 0.0000000  22.0000000    0.0000   6398.522 0.087   10.4  -14.9 0.53 0.000  10   0 16:04:02     45085.66840    0.0000  2023/07/09
 0.0000000  22.0000000    0.0000   6398.520 0.077   20.8  -21.8 0.53 0.000  10   0 16:04:20     45085.66860    0.0000  2023/07/09
 0.0000000  22.0000000    0.0000   6398.522 0.073   26.7  -26.9 0.53 0.000  10   0 16:04:33     45085.66875    0.0000  2023/07/09
 0.0000000  22.0000000    0.0000   6398.517 0.040   27.7  -30.7 0.53 0.000  10   1 16:04:47     45085.66892    0.0000  2023/07/09
 0.0000000  23.0000000    0.0000   6397.851 0.057   -4.8  -11.2 0.54 0.001  10   0 16:22:24     45085.68113    0.0000  2023/07/09
 0.0000000  23.0000000    0.0000   6397.857 0.046   -5.7  -15.0 0.54 0.001  10   0 16:22:42     45085.68134    0.0000  2023/07/09
 0.0000000  23.0000000    0.0000   6397.855 0.045   -7.6  -21.7 0.54 0.001  10   0 16:22:55     45085.68149    0.0000  2023/07/09
 0.0000000  23.0000000    0.0000   6397.854 0.058   -4.4  -19.2 0.54 0.001  10   0 16:23:09     45085.68165    0.0000  2023/07/09
 0.0000000  24.0000000    0.0000   6396.725 0.107   -0.8   -7.0 0.54 0.004  10   0 16:42:27     45085.69503    0.0000  2023/07/09
 0.0000000  24.0000000    0.0000   6396.727 0.063    2.3  -14.8 0.54 0.004  10   0 16:42:45     45085.69524    0.0000  2023/07/09
 0.0000000  24.0000000    0.0000   6396.724 0.099    8.6  -22.0 0.54 0.004  10   0 16:42:58     45085.69539    0.0000  2023/07/09
 0.0000000  24.0000000    0.0000   6396.721 0.072    5.0  -24.1 0.54 0.004  10   0 16:43:12     45085.69555    0.0000  2023/07/09
 0.0000000  25.0000000    0.0000   6394.717 0.102  -17.3   30.1 0.54 0.006  10   1 17:00:45     45085.70772    0.0000  2023/07/09
 0.0000000  25.0000000    0.0000   6394.728 0.068  -27.9   43.2 0.54 0.006  10   0 17:01:03     45085.70793    0.0000  2023/07/09
 0.0000000  25.0000000    0.0000   6394.728 0.100  -33.7   55.4 0.54 0.006  10   0 17:01:16     45085.70808    0.0000  2023/07/09
 0.0000000  25.0000000    0.0000   6394.745 0.102  -45.1   66.1 0.54 0.006  10   0 17:01:30     45085.70824    0.0000  2023/07/09
 0.0000000  26.0000000    0.0000   6390.631 0.100   -0.9    0.8 0.51 0.007  10   0 17:21:07     45085.72184    0.0000  2023/07/09
 0.0000000  26.0000000    0.0000   6390.633 0.084    1.4    1.7 0.51 0.007  10   0 17:21:25     45085.72205    0.0000  2023/07/09
 0.0000000  26.0000000    0.0000   6390.631 0.080    4.9    1.4 0.51 0.007  10   0 17:21:38     45085.72220    0.0000  2023/07/09
 0.0000000  26.0000000    0.0000   6390.634 0.078    5.8    2.2 0.51 0.007  10   0 17:21:52     45085.72236    0.0000  2023/07/09
 0.0000000  27.0000000    0.0000   6386.542 0.054    7.7   -2.8 0.51 0.008  10   0 17:46:31     45085.73945    0.0000  2023/07/09
 0.0000000  27.0000000    0.0000   6386.543 0.048   10.1   -1.8 0.51 0.008  10   2 17:46:49     45085.73966    0.0000  2023/07/09
 0.0000000  27.0000000    0.0000   6386.543 0.063   10.7   -1.1 0.50 0.008  10   0 17:47:02     45085.73981    0.0000  2023/07/09
 0.0000000  27.0000000    0.0000   6386.548 0.090    9.3   -0.7 0.50 0.008  10   0 17:47:16     45085.73997    0.0000  2023/07/09
 0.0000000  28.0000000    0.0000   6384.491 0.046   -8.6   -5.1 0.51 0.007  10   0 18:05:30     45085.75261    0.0000  2023/07/09
 0.0000000  28.0000000    0.0000   6384.491 0.020  -13.0   -3.2 0.51 0.007  10   0 18:05:48     45085.75282    0.0000  2023/07/09
 0.0000000  28.0000000    0.0000   6384.494 0.022  -15.8   -0.4 0.51 0.007  10   0 18:06:01     45085.75297    0.0000  2023/07/09
 0.0000000  28.0000000    0.0000   6384.497 0.024  -19.1    2.0 0.51 0.007  10   0 18:06:15     45085.75313    0.0000  2023/07/09
 0.0000000  29.0000000    0.0000   6384.194 0.101   -0.9   -2.7 0.52 0.006  10   0 18:28:01     45085.76822    0.0000  2023/07/09
 0.0000000  29.0000000    0.0000   6384.190 0.087   -0.9   -4.4 0.52 0.006  10   0 18:28:19     45085.76843    0.0000  2023/07/09
 0.0000000  29.0000000    0.0000   6384.188 0.101   -0.2   -7.5 0.52 0.006  10   0 18:28:32     45085.76858    0.0000  2023/07/09
 0.0000000  29.0000000    0.0000   6384.188 0.128   -2.9  -11.3 0.52 0.006  10   0 18:28:46     45085.76874    0.0000  2023/07/09
 0.0000000  210.0000000    0.0000   6385.157 0.040    2.7   -3.6 0.49 0.004  10   0 18:51:14     45085.78432    0.0000  2023/07/09
 0.0000000  210.0000000    0.0000   6385.160 0.020    1.5   -3.8 0.49 0.004  10   0 18:51:32     45085.78453    0.0000  2023/07/09
 0.0000000  210.0000000    0.0000   6385.174 0.031   -0.2   -4.7 0.49 0.004  10   0 18:51:45     45085.78468    0.0000  2023/07/09
 0.0000000  210.0000000    0.0000   6385.176 0.028   -0.5   -4.3 0.48 0.003  10   0 18:51:59     45085.78484    0.0000  2023/07/09
 0.0000000  211.0000000    0.0000   6386.867 0.177   -6.7   -2.9 0.48 0.001  10   0 19:09:45     45085.79716    0.0000  2023/07/09
 0.0000000  211.0000000    0.0000   6386.873 0.167   -7.1   -0.2 0.48 0.001  10   1 19:10:03     45085.79737    0.0000  2023/07/09
 0.0000000  211.0000000    0.0000   6386.872 0.185   -5.9    2.2 0.48 0.001  10   0 19:10:16     45085.79752    0.0000  2023/07/09
 0.0000000  211.0000000    0.0000   6386.875 0.181   -6.3    5.0 0.48 0.001  10   0 19:10:30     45085.79768    0.0000  2023/07/09
 0.0000000  212.0000000    0.0000   6385.182 0.033  -18.3   -8.9 0.46 -0.001  10   0 19:25:03     45085.80777    0.0000  2023/07/09
 0.0000000  212.0000000    0.0000   6385.176 0.025  -22.6  -17.9 0.46 -0.001  10   0 19:25:21     45085.80798    0.0000  2023/07/09
 0.0000000  212.0000000    0.0000   6385.181 0.059  -28.9  -26.8 0.46 -0.001  10   0 19:25:34     45085.80813    0.0000  2023/07/09
 0.0000000  212.0000000    0.0000   6385.179 0.046  -34.2  -36.6 0.46 -0.001  10   0 19:25:48     45085.80829    0.0000  2023/07/09
 0.0000000  110.0000000    0.0000   6432.110 0.011    0.4   -2.9 0.51 -0.040  10   0 21:35:55     45085.89850    0.0000  2023/07/09
 0.0000000  110.0000000    0.0000   6432.114 0.008    0.6   -3.4 0.51 -0.040  10   0 21:36:13     45085.89871    0.0000  2023/07/09
 0.0000000  110.0000000    0.0000   6432.117 0.011    0.6   -3.7 0.51 -0.040  10   0 21:36:26     45085.89886    0.0000  2023/07/09
 0.0000000  110.0000000    0.0000   6432.119 0.006    0.3   -4.0 0.51 -0.040  10   0 21:36:40     45085.89902    0.0000  2023/07/09
 0.0000000  111.0000000    0.0000   6433.013 0.004   -5.5   -3.8 0.36 -0.024  10   0 14:11:21     45086.59027    0.0000  2023/07/10
 0.0000000  111.0000000    0.0000   6433.012 0.008   -5.5   -3.6 0.37 -0.024  10   0 14:11:39     45086.59048    0.0000  2023/07/10
 0.0000000  111.0000000    0.0000   6433.019 0.007   -5.5   -3.5 0.37 -0.024  10   0 14:11:52     45086.59063    0.0000  2023/07/10
 0.0000000  111.0000000    0.0000   6433.015 0.008   -5.5   -2.9 0.37 -0.024  10   0 14:12:06     45086.59079    0.0000  2023/07/10
 0.0000000  112.0000000    0.0000   6433.712 0.008    1.0   -3.5 0.33 -0.076  10   0 02:10:06     45087.09020    0.0000  2023/07/11
 0.0000000  112.0000000    0.0000   6433.712 0.011    1.9   -3.0 0.33 -0.076  10   0 02:10:24     45087.09041    0.0000  2023/07/11
 0.0000000  112.0000000    0.0000   6433.715 0.005    1.7   -3.0 0.34 -0.076  10   0 02:10:37     45087.09056    0.0000  2023/07/11
 0.0000000  112.0000000    0.0000   6433.714 0.007    2.3   -2.9 0.34 -0.076  10   0 02:10:51     45087.09072    0.0000  2023/07/11
 0.0000000  113.0000000    0.0000   6434.296 0.006    0.0    0.4 0.32 -0.002  10   0 13:44:16     45087.57149    0.0000  2023/07/11
 0.0000000  113.0000000    0.0000   6434.295 0.007    0.2    0.6 0.32 -0.002  10   0 13:44:34     45087.57170    0.0000  2023/07/11
 0.0000000  113.0000000    0.0000   6434.298 0.008    0.7    1.0 0.33 -0.002  10   0 13:44:47     45087.57185    0.0000  2023/07/11
 0.0000000  113.0000000    0.0000   6434.301 0.006    0.5    1.1 0.33 -0.002  10   0 13:45:01     45087.57201    0.0000  2023/07/11
 0.0000000  151.0000000    0.0000   6363.282 0.008    2.2   -3.4 0.54 -0.031  10   0 15:17:29     45087.63612    0.0000  2023/07/11
 0.0000000  151.0000000    0.0000   6363.284 0.007    2.5   -3.6 0.54 -0.031  10   0 15:17:47     45087.63633    0.0000  2023/07/11
 0.0000000  151.0000000    0.0000   6363.284 0.010    3.0   -3.6 0.54 -0.031  10   0 15:18:00     45087.63648    0.0000  2023/07/11
 0.0000000  151.0000000    0.0000   6363.288 0.008    3.5   -3.7 0.54 -0.031  10   0 15:18:14     45087.63664    0.0000  2023/07/11
 0.0000000  301.0000000    0.0000   6388.366 0.018  -11.8    9.2 0.64 -0.044  10   0 16:37:49     45087.69182    0.0000  2023/07/11
 0.0000000  301.0000000    0.0000   6388.370 0.013  -14.9   10.7 0.64 -0.044  10   0 16:38:07     45087.69203    0.0000  2023/07/11
 0.0000000  301.0000000    0.0000   6388.373 0.012  -17.6   12.5 0.64 -0.044  10   0 16:38:20     45087.69218    0.0000  2023/07/11
 0.0000000  301.0000000    0.0000   6388.375 0.012  -19.7   14.3 0.64 -0.044  10   0 16:38:34     45087.69234    0.0000  2023/07/11
 0.0000000  302.0000000    0.0000   6385.558 0.026    6.5   12.7 0.55 -0.046  10   0 17:04:07     45087.71005    0.0000  2023/07/11
 0.0000000  302.0000000    0.0000   6385.560 0.021    7.2   19.8 0.55 -0.046  10   0 17:04:25     45087.71026    0.0000  2023/07/11
 0.0000000  302.0000000    0.0000   6385.562 0.016    6.5   25.8 0.55 -0.046  10   0 17:04:38     45087.71041    0.0000  2023/07/11
 0.0000000  302.0000000    0.0000   6385.566 0.028    7.0   34.1 0.54 -0.046  10   0 17:04:52     45087.71057    0.0000  2023/07/11
 0.0000000  303.0000000    0.0000   6382.700 0.036   -3.9   -4.5 0.51 -0.047  10   0 17:24:34     45087.72423    0.0000  2023/07/11
 0.0000000  303.0000000    0.0000   6382.700 0.036   -6.6   -6.9 0.51 -0.047  10   0 17:24:52     45087.72444    0.0000  2023/07/11
 0.0000000  303.0000000    0.0000   6382.701 0.043  -11.1  -10.2 0.51 -0.047  10   0 17:25:05     45087.72459    0.0000  2023/07/11
 0.0000000  303.0000000    0.0000   6382.701 0.024  -15.0  -12.9 0.51 -0.047  10   0 17:25:19     45087.72475    0.0000  2023/07/11
 0.0000000  304.0000000    0.0000   6379.334 0.016    3.6   -3.7 0.57 -0.047  10   0 18:06:08     45087.75305    0.0000  2023/07/11
 0.0000000  304.0000000    0.0000   6379.333 0.015    9.0   -2.4 0.56 -0.047  10   0 18:06:26     45087.75326    0.0000  2023/07/11
 0.0000000  304.0000000    0.0000   6379.336 0.022   14.4   -0.8 0.56 -0.047  10   0 18:06:39     45087.75341    0.0000  2023/07/11
 0.0000000  304.0000000    0.0000   6379.336 0.025   19.5    0.7 0.56 -0.047  10   0 18:06:53     45087.75357    0.0000  2023/07/11
 0.0000000  305.0000000    0.0000   6376.250 0.020    0.9    9.7 0.56 -0.047  10   0 18:29:53     45087.76952    0.0000  2023/07/11
 0.0000000  305.0000000    0.0000   6376.252 0.011   -0.4   16.0 0.56 -0.047  10   0 18:30:11     45087.76973    0.0000  2023/07/11
 0.0000000  305.0000000    0.0000   6376.256 0.010   -0.5   21.7 0.56 -0.047  10   0 18:30:24     45087.76988    0.0000  2023/07/11
 0.0000000  305.0000000    0.0000   6376.258 0.007   -0.8   27.3 0.56 -0.047  10   0 18:30:38     45087.77004    0.0000  2023/07/11
 0.0000000  306.0000000    0.0000   6374.251 0.019   -3.1    9.7 0.54 -0.046  10   0 18:51:34     45087.78455    0.0000  2023/07/11
 0.0000000  306.0000000    0.0000   6374.250 0.021   -4.1   11.6 0.54 -0.046  10   0 18:51:52     45087.78476    0.0000  2023/07/11
 0.0000000  306.0000000    0.0000   6374.254 0.019   -3.9   12.2 0.54 -0.046  10   0 18:52:05     45087.78491    0.0000  2023/07/11
 0.0000000  306.0000000    0.0000   6374.255 0.015   -4.8   13.9 0.54 -0.046  10   0 18:52:19     45087.78507    0.0000  2023/07/11
 0.0000000  307.0000000    0.0000   6371.461 0.015    6.4    5.6 0.55 -0.045  10   0 19:11:45     45087.79855    0.0000  2023/07/11
 0.0000000  307.0000000    0.0000   6371.463 0.013    7.5    4.8 0.55 -0.045  10   0 19:12:03     45087.79875    0.0000  2023/07/11
 0.0000000  307.0000000    0.0000   6371.460 0.015    9.3    4.7 0.55 -0.045  10   0 19:12:16     45087.79890    0.0000  2023/07/11
 0.0000000  307.0000000    0.0000   6371.463 0.009   10.4    4.4 0.55 -0.045  10   0 19:12:30     45087.79907    0.0000  2023/07/11
 0.0000000  308.0000000    0.0000   6367.933 0.014  -11.6   13.1 0.56 -0.045  10   0 19:31:20     45087.81212    0.0000  2023/07/11
 0.0000000  308.0000000    0.0000   6367.938 0.016  -12.8   20.3 0.56 -0.045  10   0 19:31:38     45087.81233    0.0000  2023/07/11
 0.0000000  308.0000000    0.0000   6367.940 0.015  -14.3   26.4 0.56 -0.045  10   0 19:31:51     45087.81248    0.0000  2023/07/11
 0.0000000  308.0000000    0.0000   6367.946 0.013  -15.4   33.0 0.56 -0.045  10   0 19:32:05     45087.81264    0.0000  2023/07/11
 0.0000000  309.0000000    0.0000   6365.367 0.023   -0.5   -0.5 0.54 -0.044  10   0 19:51:36     45087.82618    0.0000  2023/07/11
 0.0000000  309.0000000    0.0000   6365.368 0.026   -2.1    1.0 0.54 -0.044  10   5 19:51:54     45087.82638    0.0000  2023/07/11
 0.0000000  309.0000000    0.0000   6365.367 0.027   -3.0    2.0 0.54 -0.044  10   1 19:52:07     45087.82653    0.0000  2023/07/11
 0.0000000  309.0000000    0.0000   6365.371 0.020   -4.1    2.9 0.54 -0.044  10   0 19:52:21     45087.82670    0.0000  2023/07/11
 0.0000000  310.0000000    0.0000   6364.158 0.070   12.9   -2.8 0.53 -0.044  10   0 20:10:22     45087.83919    0.0000  2023/07/11
 0.0000000  310.0000000    0.0000   6364.156 0.041   14.2   -3.2 0.53 -0.044  10   0 20:10:40     45087.83940    0.0000  2023/07/11
 0.0000000  310.0000000    0.0000   6364.160 0.053   14.1   -2.7 0.53 -0.044  10   0 20:10:53     45087.83955    0.0000  2023/07/11
 0.0000000  310.0000000    0.0000   6364.159 0.049   16.5   -3.0 0.53 -0.044  10   0 20:11:07     45087.83971    0.0000  2023/07/11
 0.0000000  311.0000000    0.0000   6362.955 0.013   -4.6    9.0 0.56 -0.044  10   0 20:28:40     45087.85188    0.0000  2023/07/11
 0.0000000  311.0000000    0.0000   6362.957 0.011   -6.6    8.3 0.56 -0.044  10   0 20:28:58     45087.85208    0.0000  2023/07/11
 0.0000000  311.0000000    0.0000   6362.959 0.018   -8.0    7.9 0.56 -0.044  10   0 20:29:11     45087.85223    0.0000  2023/07/11
 0.0000000  311.0000000    0.0000   6362.960 0.016   -9.7    7.6 0.56 -0.044  10   0 20:29:25     45087.85240    0.0000  2023/07/11
 0.0000000  312.0000000    0.0000   6360.929 0.015   -5.3    5.9 0.54 -0.045  10   0 20:48:26     45087.86558    0.0000  2023/07/11
 0.0000000  312.0000000    0.0000   6360.929 0.017   -6.2    7.6 0.54 -0.045  10   0 20:48:44     45087.86579    0.0000  2023/07/11
 0.0000000  312.0000000    0.0000   6360.932 0.009   -7.4    8.5 0.54 -0.045  10   0 20:48:57     45087.86594    0.0000  2023/07/11
 0.0000000  312.0000000    0.0000   6360.934 0.011   -8.7    9.8 0.55 -0.045  10   0 20:49:11     45087.86610    0.0000  2023/07/11
 0.0000000  313.0000000    0.0000   6359.157 0.032   -5.0   -7.9 0.56 -0.046  10   0 21:08:05     45087.87920    0.0000  2023/07/11
 0.0000000  313.0000000    0.0000   6359.161 0.028   -7.2   -9.1 0.56 -0.046  10   0 21:08:23     45087.87941    0.0000  2023/07/11
 0.0000000  313.0000000    0.0000   6359.162 0.053   -8.5  -10.1 0.57 -0.046  10   0 21:08:36     45087.87956    0.0000  2023/07/11
 0.0000000  313.0000000    0.0000   6359.160 0.056  -11.4  -11.2 0.57 -0.046  10   0 21:08:50     45087.87972    0.0000  2023/07/11
 0.0000000  155.0000000    0.0000   6363.780 0.005    4.0   -0.7 0.73 -0.056  10   0 22:47:41     45087.94826    0.0000  2023/07/11
 0.0000000  155.0000000    0.0000   6363.783 0.003    4.2   -0.7 0.73 -0.056  10   0 22:47:59     45087.94847    0.0000  2023/07/11
 0.0000000  155.0000000    0.0000   6363.787 0.008    4.6   -0.7 0.73 -0.056  10   0 22:48:12     45087.94862    0.0000  2023/07/11
 0.0000000  155.0000000    0.0000   6363.785 0.006    5.0   -0.6 0.73 -0.056  10   0 22:48:26     45087.94878    0.0000  2023/07/11
 0.0000000  152.0000000    0.0000   6364.580 0.008   -2.9   -2.9 0.56 0.025  10   0 13:48:07     45088.57416    0.0000  2023/07/12
 0.0000000  152.0000000    0.0000   6364.578 0.011   -2.1   -2.5 0.56 0.025  10   0 13:48:25     45088.57437    0.0000  2023/07/12
 0.0000000  152.0000000    0.0000   6364.581 0.010   -1.7   -1.9 0.57 0.025  10   0 13:48:38     45088.57452    0.0000  2023/07/12
 0.0000000  152.0000000    0.0000   6364.584 0.006   -0.6   -1.5 0.57 0.025  10   0 13:48:52     45088.57468    0.0000  2023/07/12
 0.0000000  401.0000000    0.0000   6382.634 0.019   15.6   -4.4 0.68 -0.035  10   0 15:56:30     45088.66317    0.0000  2023/07/12
 0.0000000  401.0000000    0.0000   6382.637 0.013   17.6   -5.4 0.68 -0.035  10   0 15:56:48     45088.66338    0.0000  2023/07/12
 0.0000000  401.0000000    0.0000   6382.640 0.010   18.6   -6.8 0.67 -0.035  10   0 15:57:01     45088.66353    0.0000  2023/07/12
 0.0000000  401.0000000    0.0000   6382.641 0.014   19.7   -7.9 0.67 -0.035  10   0 15:57:15     45088.66369    0.0000  2023/07/12
 0.0000000  402.0000000    0.0000   6386.575 0.008  -10.2   13.0 0.50 -0.041  10   0 16:16:05     45088.67675    0.0000  2023/07/12
 0.0000000  402.0000000    0.0000   6386.578 0.010  -12.7   14.8 0.50 -0.041  10   0 16:16:23     45088.67696    0.0000  2023/07/12
 0.0000000  402.0000000    0.0000   6386.582 0.010  -14.9   16.1 0.50 -0.041  10   0 16:16:36     45088.67711    0.0000  2023/07/12
 0.0000000  402.0000000    0.0000   6386.583 0.010  -17.5   17.3 0.50 -0.041  10   0 16:16:50     45088.67727    0.0000  2023/07/12
 0.0000000  403.0000000    0.0000   6392.123 0.031   15.3    7.2 0.48 -0.045  10   0 16:29:45     45088.68623    0.0000  2023/07/12
 0.0000000  403.0000000    0.0000   6392.126 0.031   19.4    6.5 0.48 -0.046  10   0 16:30:03     45088.68643    0.0000  2023/07/12
 0.0000000  403.0000000    0.0000   6392.129 0.028   23.8    5.8 0.48 -0.046  10   0 16:30:16     45088.68658    0.0000  2023/07/12
 0.0000000  403.0000000    0.0000   6392.134 0.025   28.8    5.7 0.48 -0.046  10   0 16:30:30     45088.68675    0.0000  2023/07/12
 0.0000000  404.0000000    0.0000   6399.958 0.030   -5.8   -5.6 0.49 -0.050  10   0 16:45:52     45088.69740    0.0000  2023/07/12
 0.0000000  404.0000000    0.0000   6399.959 0.052   -2.5   -5.2 0.49 -0.050  10   0 16:46:10     45088.69761    0.0000  2023/07/12
 0.0000000  404.0000000    0.0000   6399.961 0.051   -0.6   -3.9 0.49 -0.050  10   0 16:46:23     45088.69776    0.0000  2023/07/12
 0.0000000  404.0000000    0.0000   6399.960 0.041    1.3   -2.6 0.50 -0.050  10   0 16:46:37     45088.69792    0.0000  2023/07/12
 0.0000000  405.0000000    0.0000   6408.751 0.014  -11.6   16.0 0.47 -0.053  10   0 16:59:07     45088.70659    0.0000  2023/07/12
 0.0000000  405.0000000    0.0000   6408.756 0.016  -16.7   19.6 0.47 -0.053  10   0 16:59:25     45088.70680    0.0000  2023/07/12
 0.0000000  405.0000000    0.0000   6408.757 0.012  -22.1   22.9 0.47 -0.053  10   0 16:59:38     45088.70695    0.0000  2023/07/12
 0.0000000  405.0000000    0.0000   6408.759 0.012  -27.7   25.9 0.47 -0.053  10   0 16:59:52     45088.70711    0.0000  2023/07/12
 0.0000000  406.0000000    0.0000   6418.667 0.007   -5.5    0.5 0.47 -0.056  10   0 17:12:23     45088.71579    0.0000  2023/07/12
 0.0000000  406.0000000    0.0000   6418.669 0.009   -5.4    1.9 0.47 -0.056  10   0 17:12:41     45088.71599    0.0000  2023/07/12
 0.0000000  406.0000000    0.0000   6418.669 0.013   -5.2    3.3 0.47 -0.056  10   0 17:12:54     45088.71614    0.0000  2023/07/12
 0.0000000  406.0000000    0.0000   6418.672 0.009   -5.2    4.6 0.47 -0.056  10   0 17:13:08     45088.71631    0.0000  2023/07/12
 0.0000000  407.0000000    0.0000   6414.869 0.006    1.2   -9.5 0.54 -0.062  10   0 18:02:42     45088.75067    0.0000  2023/07/12
 0.0000000  407.0000000    0.0000   6414.872 0.008    1.3   -9.3 0.54 -0.062  10   0 18:03:00     45088.75088    0.0000  2023/07/12
 0.0000000  407.0000000    0.0000   6414.873 0.007    1.3   -9.1 0.54 -0.062  10   0 18:03:13     45088.75103    0.0000  2023/07/12
 0.0000000  407.0000000    0.0000   6414.873 0.004    1.2   -8.7 0.54 -0.062  10   0 18:03:27     45088.75119    0.0000  2023/07/12
 0.0000000  408.0000000    0.0000   6392.259 0.023    4.8   -8.9 0.64 -0.064  10   0 18:48:33     45088.78246    0.0000  2023/07/12
 0.0000000  408.0000000    0.0000   6392.262 0.035    6.7   -9.5 0.64 -0.064  10   0 18:48:51     45088.78267    0.0000  2023/07/12
 0.0000000  408.0000000    0.0000   6392.260 0.019    8.5   -9.6 0.64 -0.064  10   0 18:49:04     45088.78282    0.0000  2023/07/12
 0.0000000  408.0000000    0.0000   6392.267 0.033   10.5  -11.2 0.64 -0.064  10   0 18:49:18     45088.78298    0.0000  2023/07/12
 0.0000000  409.0000000    0.0000   6377.576 0.018    3.2   -1.4 0.62 -0.063  10   0 19:12:26     45088.79902    0.0000  2023/07/12
 0.0000000  409.0000000    0.0000   6377.580 0.018    4.0   -1.6 0.62 -0.063  10   0 19:12:44     45088.79923    0.0000  2023/07/12
 0.0000000  409.0000000    0.0000   6377.579 0.018    5.6   -0.7 0.62 -0.063  10   0 19:12:57     45088.79938    0.0000  2023/07/12
 0.0000000  409.0000000    0.0000   6377.580 0.017    5.5   -0.9 0.61 -0.063  10   0 19:13:11     45088.79954    0.0000  2023/07/12
 0.0000000  410.0000000    0.0000   6377.559 0.016    6.7   11.3 0.56 -0.063  10   0 19:23:25     45088.80664    0.0000  2023/07/12
 0.0000000  410.0000000    0.0000   6377.560 0.011    9.1   12.3 0.56 -0.063  10   0 19:23:43     45088.80684    0.0000  2023/07/12
 0.0000000  410.0000000    0.0000   6377.558 0.012   10.2   11.8 0.56 -0.063  10   0 19:23:56     45088.80699    0.0000  2023/07/12
 0.0000000  410.0000000    0.0000   6377.563 0.010   11.4   11.8 0.56 -0.063  10   0 19:24:10     45088.80716    0.0000  2023/07/12
 0.0000000  411.0000000    0.0000   6380.561 0.079   -6.8    2.8 0.54 -0.062  10   0 19:38:48     45088.81730    0.0000  2023/07/12
 0.0000000  411.0000000    0.0000   6380.562 0.080  -10.2    6.1 0.54 -0.062  10   0 19:39:06     45088.81751    0.0000  2023/07/12
 0.0000000  411.0000000    0.0000   6380.564 0.072  -12.6    9.2 0.54 -0.062  10   0 19:39:19     45088.81766    0.0000  2023/07/12
 0.0000000  411.0000000    0.0000   6380.571 0.049  -14.4   12.6 0.54 -0.062  10   0 19:39:33     45088.81782    0.0000  2023/07/12
 0.0000000  412.0000000    0.0000   6386.591 0.059   23.0   -9.6 0.49 -0.061  10   0 19:50:43     45088.82556    0.0000  2023/07/12
 0.0000000  412.0000000    0.0000   6386.595 0.068   33.4  -10.4 0.49 -0.061  10   0 19:51:01     45088.82577    0.0000  2023/07/12
 0.0000000  412.0000000    0.0000   6386.595 0.058   42.7  -11.3 0.49 -0.061  10   0 19:51:14     45088.82592    0.0000  2023/07/12
 0.0000000  412.0000000    0.0000   6386.597 0.062   49.6  -11.5 0.49 -0.061  10   0 19:51:28     45088.82608    0.0000  2023/07/12
 0.0000000  413.0000000    0.0000   6393.968 0.009   -0.8   14.6 0.49 -0.060  10   0 20:06:45     45088.83668    0.0000  2023/07/12
 0.0000000  413.0000000    0.0000   6393.970 0.007   -4.3   15.1 0.49 -0.060  10   0 20:07:03     45088.83689    0.0000  2023/07/12
 0.0000000  413.0000000    0.0000   6393.971 0.012   -7.6   15.6 0.50 -0.060  10   0 20:07:16     45088.83704    0.0000  2023/07/12
 0.0000000  413.0000000    0.0000   6393.972 0.006  -10.6   15.8 0.50 -0.060  10   0 20:07:30     45088.83720    0.0000  2023/07/12
 0.0000000  153.0000000    0.0000   6365.099 0.008   -3.5   -0.1 0.76 -0.057  10   0 23:03:37     45088.95931    0.0000  2023/07/12
 0.0000000  153.0000000    0.0000   6365.102 0.007   -3.3    0.0 0.76 -0.057  10   0 23:03:55     45088.95952    0.0000  2023/07/12
 0.0000000  153.0000000    0.0000   6365.103 0.008   -2.9    0.0 0.76 -0.057  10   0 23:04:08     45088.95967    0.0000  2023/07/12
 0.0000000  153.0000000    0.0000   6365.102 0.006   -2.6    0.6 0.76 -0.057  10   0 23:04:22     45088.95983    0.0000  2023/07/12
 0.0000000  154.0000000    0.0000   6365.890 0.004   -0.2   -1.5 0.51 0.042  15   0 14:15:18     45089.59301    0.0000  2023/07/13
 0.0000000  154.0000000    0.0000   6365.894 0.005    0.0   -1.5 0.51 0.042  15   0 14:15:42     45089.59329    0.0000  2023/07/13
 0.0000000  154.0000000    0.0000   6365.895 0.005    0.1   -1.5 0.51 0.042  15   0 14:16:01     45089.59350    0.0000  2023/07/13
 0.0000000  154.0000000    0.0000   6365.896 0.005    0.2   -1.6 0.51 0.042  15   0 14:16:20     45089.59372    0.0000  2023/07/13
 0.0000000  154.0000000    0.0000   6365.897 0.004    0.2   -1.7 0.52 0.042  15   0 14:16:39     45089.59394    0.0000  2023/07/13
 0.0000000  154.0000000    0.0000   6365.897 0.006    0.4   -1.8 0.52 0.041  15   0 14:16:58     45089.59416    0.0000  2023/07/13
 0.0000000  154.0000000    0.0000   6365.899 0.006    0.2   -2.0 0.52 0.041  15   0 14:17:17     45089.59438    0.0000  2023/07/13
 0.0000000  154.0000000    0.0000   6365.900 0.006    0.2   -2.1 0.52 0.041  15   0 14:17:36     45089.59460    0.0000  2023/07/13
 0.0000000  154.0000000    0.0000   6365.902 0.008    0.1   -2.2 0.52 0.041  15   0 14:17:55     45089.59482    0.0000  2023/07/13
 0.0000000  154.0000000    0.0000   6365.903 0.006    0.1   -2.3 0.52 0.041  15   0 14:18:14     45089.59504    0.0000  2023/07/13
 0.0000000  154.0000000    0.0000   6365.904 0.007    0.1   -2.6 0.53 0.041  15   0 14:18:33     45089.59526    0.0000  2023/07/13
 0.0000000  154.0000000    0.0000   6365.904 0.005   -0.2   -2.7 0.52 0.040  15   0 14:18:52     45089.59548    0.0000  2023/07/13
 0.0000000  154.0000000    0.0000   6365.906 0.005   -0.4   -2.8 0.53 0.040  15   0 14:19:11     45089.59570    0.0000  2023/07/13
 0.0000000  154.0000000    0.0000   6365.907 0.004   -0.4   -3.0 0.52 0.040  15   0 14:19:30     45089.59592    0.0000  2023/07/13
 0.0000000  154.0000000    0.0000   6365.907 0.005   -0.6   -3.1 0.52 0.040  15   0 14:19:49     45089.59614    0.0000  2023/07/13
 0.0000000  154.0000000    0.0000   6365.910 0.008   -0.7   -3.2 0.52 0.039  15   0 14:20:08     45089.59636    0.0000  2023/07/13
 0.0000000  154.0000000    0.0000   6365.910 0.007   -0.9   -3.3 0.52 0.039  15   0 14:20:27     45089.59658    0.0000  2023/07/13
 0.0000000  154.0000000    0.0000   6365.911 0.005   -0.9   -3.5 0.52 0.039  15   0 14:20:46     45089.59680    0.0000  2023/07/13
 0.0000000  154.0000000    0.0000   6365.909 0.006   -0.9   -3.6 0.51 0.039  15   0 14:21:05     45089.59702    0.0000  2023/07/13
 0.0000000  154.0000000    0.0000   6365.910 0.006   -1.0   -3.6 0.51 0.039  15   0 14:21:24     45089.59724    0.0000  2023/07/13
 0.0000000  154.0000000    0.0000   6365.910 0.005   -1.1   -3.7 0.51 0.039  15   0 14:21:43     45089.59746    0.0000  2023/07/13
 0.0000000  154.0000000    0.0000   6365.909 0.007   -1.4   -3.8 0.50 0.038  15   0 14:22:02     45089.59768    0.0000  2023/07/13
 0.0000000  154.0000000    0.0000   6365.912 0.006   -1.5   -3.9 0.50 0.038  15   0 14:22:21     45089.59790    0.0000  2023/07/13
 0.0000000  154.0000000    0.0000   6365.913 0.004   -1.6   -4.0 0.50 0.038  15   0 14:22:40     45089.59812    0.0000  2023/07/13
 0.0000000  154.0000000    0.0000   6365.912 0.007   -1.7   -4.0 0.50 0.037  15   0 14:22:59     45089.59834    0.0000  2023/07/13
 0.0000000  154.0000000    0.0000   6365.915 0.005   -1.7   -4.1 0.49 0.037  15   0 14:23:18     45089.59855    0.0000  2023/07/13
 0.0000000  154.0000000    0.0000   6365.915 0.006   -1.7   -4.1 0.49 0.037  15   0 14:23:37     45089.59877    0.0000  2023/07/13
 0.0000000  154.0000000    0.0000   6365.913 0.006   -1.4   -4.3 0.49 0.037  15   0 14:23:56     45089.59899    0.0000  2023/07/13
 0.0000000  154.0000000    0.0000   6365.913 0.007   -1.3   -4.4 0.48 0.037  15   0 14:24:15     45089.59921    0.0000  2023/07/13
 0.0000000  154.0000000    0.0000   6365.917 0.009   -1.3   -4.6 0.48 0.037  15   0 14:24:34     45089.59943    0.0000  2023/07/13
 0.0000000  154.0000000    0.0000   6365.915 0.004   -1.0   -4.6 0.48 0.036  15   0 14:24:53     45089.59965    0.0000  2023/07/13
 0.0000000  154.0000000    0.0000   6365.917 0.006   -0.6   -4.7 0.47 0.036  15   0 14:25:12     45089.59987    0.0000  2023/07/13
 0.0000000  154.0000000    0.0000   6365.918 0.003   -0.8   -4.9 0.47 0.036  15   0 14:25:31     45089.60009    0.0000  2023/07/13
 0.0000000  154.0000000    0.0000   6365.920 0.007   -0.6   -4.8 0.47 0.036  15   0 14:25:50     45089.60031    0.0000  2023/07/13
 0.0000000  154.0000000    0.0000   6365.918 0.004    0.3   -4.9 0.46 0.036  15   0 14:26:09     45089.60053    0.0000  2023/07/13
 0.0000000  154.0000000    0.0000   6365.917 0.006    0.2   -5.0 0.46 0.036  15   0 14:26:28     45089.60075    0.0000  2023/07/13
 0.0000000  154.0000000    0.0000   6365.921 0.006   -0.1   -5.1 0.46 0.036  15   0 14:26:47     45089.60097    0.0000  2023/07/13
 0.0000000  154.0000000    0.0000   6365.919 0.005   -0.4   -5.0 0.46 0.035  15   0 14:27:06     45089.60119    0.0000  2023/07/13
 0.0000000  154.0000000    0.0000   6365.919 0.005    0.5   -4.9 0.45 0.035  15   0 14:27:25     45089.60141    0.0000  2023/07/13
 0.0000000  154.0000000    0.0000   6365.922 0.005    1.0   -5.1 0.45 0.035  15   0 14:27:44     45089.60163    0.0000  2023/07/13
 0.0000000  154.0000000    0.0000   6365.921 0.005    1.0   -5.0 0.44 0.034  15   0 14:28:03     45089.60185    0.0000  2023/07/13
 0.0000000  154.0000000    0.0000   6365.920 0.004    1.5   -5.0 0.44 0.034  15   0 14:28:22     45089.60207    0.0000  2023/07/13
 0.0000000  154.0000000    0.0000   6365.921 0.008    1.2   -4.9 0.44 0.034  15   0 14:28:41     45089.60229    0.0000  2023/07/13
 0.0000000  154.0000000    0.0000   6365.921 0.005    0.7   -5.0 0.44 0.034  15   0 14:29:00     45089.60251    0.0000  2023/07/13
 0.0000000  154.0000000    0.0000   6365.922 0.007    0.7   -4.7 0.43 0.034  15   0 14:29:19     45089.60273    0.0000  2023/07/13
 0.0000000  154.0000000    0.0000   6365.921 0.005    1.1   -4.5 0.43 0.034  15   0 14:29:38     45089.60295    0.0000  2023/07/13
 0.0000000  154.0000000    0.0000   6365.925 0.004    1.5   -4.5 0.43 0.033  15   0 14:29:57     45089.60317    0.0000  2023/07/13
 0.0000000  154.0000000    0.0000   6365.925 0.006    2.0   -4.3 0.43 0.033  15   0 14:30:16     45089.60338    0.0000  2023/07/13
 0.0000000  154.0000000    0.0000   6365.923 0.006    2.4   -4.1 0.42 0.033  15   0 14:30:35     45089.60360    0.0000  2023/07/13
 0.0000000  154.0000000    0.0000   6365.925 0.008    3.1   -4.0 0.42 0.032  15   0 14:30:54     45089.60382    0.0000  2023/07/13
 0.0000000  154.0000000    0.0000   6365.922 0.006    3.5   -3.8 0.42 0.032  15   0 14:31:13     45089.60404    0.0000  2023/07/13
 0.0000000  154.0000000    0.0000   6365.924 0.007    3.4   -3.5 0.42 0.032  15   0 14:31:32     45089.60426    0.0000  2023/07/13
 0.0000000  154.0000000    0.0000   6365.924 0.006    3.3   -3.3 0.41 0.032  15   0 14:31:51     45089.60448    0.0000  2023/07/13
 0.0000000  154.0000000    0.0000   6365.926 0.004    2.8   -2.9 0.41 0.032  15   0 14:32:10     45089.60470    0.0000  2023/07/13
 0.0000000  154.0000000    0.0000   6365.926 0.009    2.4   -2.4 0.41 0.032  15   0 14:32:29     45089.60492    0.0000  2023/07/13
 0.0000000  154.0000000    0.0000   6365.927 0.006    1.8   -1.8 0.41 0.032  15   0 14:32:48     45089.60514    0.0000  2023/07/13
 0.0000000  154.0000000    0.0000   6365.927 0.006    1.8   -1.4 0.41 0.031  15   0 14:33:07     45089.60536    0.0000  2023/07/13
 0.0000000  154.0000000    0.0000   6365.928 0.005    1.9   -1.3 0.40 0.031  15   0 14:33:26     45089.60558    0.0000  2023/07/13
 0.0000000  154.0000000    0.0000   6365.927 0.005    2.1   -1.4 0.40 0.031  15   0 14:33:45     45089.60580    0.0000  2023/07/13
 0.0000000  154.0000000    0.0000   6365.928 0.006    2.0   -1.6 0.40 0.031  15   0 14:34:04     45089.60602    0.0000  2023/07/13
 0.0000000  154.0000000    0.0000   6365.927 0.008    2.0   -1.7 0.40 0.031  15   0 14:34:23     45089.60624    0.0000  2023/07/13
 0.0000000  154.0000000    0.0000   6365.926 0.005    2.1   -1.8 0.40 0.031  15   0 14:34:42     45089.60646    0.0000  2023/07/13
 0.0000000  154.0000000    0.0000   6365.929 0.004    2.1   -1.7 0.39 0.030  15   0 14:35:01     45089.60668    0.0000  2023/07/13
 0.0000000  154.0000000    0.0000   6365.929 0.007    2.5   -1.7 0.39 0.030  15   0 14:35:20     45089.60690    0.0000  2023/07/13
 0.0000000  154.0000000    0.0000   6365.930 0.006    2.2   -1.6 0.39 0.030  15   0 14:35:39     45089.60712    0.0000  2023/07/13
 0.0000000  154.0000000    0.0000   6365.928 0.004    1.6   -1.5 0.39 0.029  15   0 14:35:58     45089.60734    0.0000  2023/07/13
 0.0000000  154.0000000    0.0000   6365.930 0.005    1.0   -1.2 0.39 0.029  15   0 14:36:17     45089.60756    0.0000  2023/07/13
 0.0000000  154.0000000    0.0000   6365.930 0.009    0.8   -1.1 0.39 0.029  15   0 14:36:36     45089.60778    0.0000  2023/07/13
 0.0000000  154.0000000    0.0000   6365.930 0.006    0.7   -1.0 0.39 0.029  15   0 14:36:55     45089.60800    0.0000  2023/07/13
 0.0000000  154.0000000    0.0000   6365.930 0.008    0.8   -1.1 0.39 0.029  15   0 14:37:14     45089.60822    0.0000  2023/07/13
 0.0000000  154.0000000    0.0000   6365.930 0.005    0.7   -1.2 0.38 0.029  12   0 14:37:34     45089.60845    0.0000  2023/07/13
 0.0000000  114.0000000    0.0000   6436.996 0.007    5.3   -6.8 0.56 -0.041  15   0 16:42:27     45089.69503    0.0000  2023/07/13
 0.0000000  114.0000000    0.0000   6437.000 0.007    6.8   -6.0 0.56 -0.041  15   0 16:42:51     45089.69531    0.0000  2023/07/13
 0.0000000  114.0000000    0.0000   6437.002 0.008    8.5   -5.7 0.56 -0.041  15   0 16:43:10     45089.69553    0.0000  2023/07/13
 0.0000000  114.0000000    0.0000   6437.002 0.006   10.1   -5.3 0.56 -0.041  15   0 16:43:29     45089.69575    0.0000  2023/07/13